0 1
0 2
0 3
0 4
0 5
0 6
0 7
0 8
0 9
0 10
0 11
0 12
0 13
0 14
0 15
0 16
0 17
0 18
0 19
0 20
0 21
0 22
0 23
0 24
0 25
0 26
0 27
0 28
0 29
0 30
0 31
0 32
0 33
0 34
0 35
0 36
0 37
0 38
0 39
0 40
0 41
0 42
0 43
0 44
0 45
0 46
0 47
0 48
0 49
0 50
0 51
0 52
0 53
0 54
0 55
0 56
0 57
0 58
0 59
0 60
0 61
0 62
0 63
0 64
0 65
0 66
0 67
0 68
0 69
0 70
0 71
0 72
0 73
0 74
0 75
0 76
0 77
0 78
0 79
0 80
0 81
0 82
0 83
0 84
0 85
0 86
0 87
0 88
0 89
0 90
0 91
0 92
0 93
0 94
0 95
0 96
0 97
0 98
0 99
0 100
0 101
0 102
0 103
0 104
0 105
0 106
0 107
0 108
0 109
0 110
0 111
0 112
0 113
0 114
0 115
0 116
0 117
0 118
0 119
0 120
0 121
0 122
0 123
0 124
0 125
0 126
0 127
0 128
0 129
0 130
0 131
0 132
0 133
0 134
0 135
0 136
0 137
0 138
0 139
0 140
0 141
0 142
0 143
0 144
0 145
0 146
0 147
0 148
0 149
0 150
0 151
0 152
0 153
0 154
0 155
0 156
0 157
0 158
0 159
0 160
0 161
0 162
0 163
0 164
0 165
0 166
0 167
0 168
0 169
0 170
0 171
0 172
0 173
0 174
0 175
0 176
0 177
0 178
0 179
0 180
0 181
0 182
0 183
0 184
0 185
0 186
0 187
0 188
0 189
0 190
0 191
0 192
0 193
0 194
0 195
0 196
0 197
0 198
0 199
0 200
0 201
0 202
0 203
0 204
0 205
0 206
0 207
0 208
0 209
0 210
0 211
0 212
0 213
0 214
0 215
0 216
0 217
0 218
0 219
0 220
0 221
0 222
0 223
0 224
0 225
0 226
0 227
0 228
0 229
0 230
0 231
0 232
0 233
0 234
0 235
0 236
0 237
0 238
0 239
0 240
0 241
0 242
0 243
0 244
0 245
0 246
0 247
0 248
0 249
0 250
0 251
0 252
0 253
0 254
0 255
0 256
0 257
0 258
0 259
0 260
0 261
0 262
0 263
0 264
0 265
0 266
0 267
0 268
0 269
0 270
0 271
0 272
0 273
0 274
0 275
0 276
0 277
0 278
0 279
0 280
0 281
0 282
0 283
0 284
0 285
0 286
0 287
0 288
0 289
0 290
0 291
0 292
0 293
0 294
0 295
0 296
0 297
0 298
0 299
0 300
0 301
0 302
0 303
0 304
0 305
0 306
0 307
0 308
0 309
0 310
0 311
0 312
0 313
0 314
0 315
0 316
0 317
0 318
0 319
0 320
0 321
0 322
0 323
0 324
0 325
0 326
0 327
0 328
0 329
0 330
0 331
0 332
0 333
0 334
0 335
0 336
0 337
0 338
0 339
0 340
0 341
0 342
0 343
0 344
0 345
0 346
0 347
0 348
0 349
0 350
0 351
0 352
0 353
0 354
0 355
0 356
0 357
0 358
0 359
0 360
0 361
0 362
0 363
0 364
0 365
0 366
0 367
0 368
0 369
0 370
0 371
0 372
0 373
0 374
0 375
0 376
0 377
0 378
0 379
0 380
0 381
0 382
0 383
0 384
0 385
0 386
0 387
0 388
0 389
0 390
0 391
0 392
0 393
0 394
0 395
0 396
0 397
0 398
0 399
0 400
0 401
0 402
0 403
0 404
0 405
0 406
0 407
0 408
0 409
0 410
0 411
0 412
0 413
0 414
0 415
0 416
0 417
0 418
0 419
0 420
0 421
0 422
0 423
0 424
0 425
0 426
0 427
0 428
0 429
0 430
0 431
0 432
0 433
0 434
0 435
0 436
0 437
0 438
0 439
0 440
0 441
0 442
0 443
0 444
0 445
0 446
0 447
0 448
0 449
0 450
0 451
0 452
0 453
0 454
0 455
0 456
0 457
0 458
0 459
0 460
0 461
0 462
0 463
0 464
0 465
0 466
0 467
0 468
0 469
0 470
0 471
0 472
0 473
0 474
0 475
0 476
0 477
0 478
0 479
0 480
0 481
0 482
0 483
0 484
0 485
0 486
0 487
0 488
0 489
0 490
0 491
0 492
0 493
0 494
0 495
0 496
0 497
0 498
0 499
0 500
0 501
0 502
0 503
0 504
0 505
0 506
0 507
0 508
0 509
0 510
0 511
0 512
0 513
0 514
0 515
0 516
0 517
0 518
0 519
0 520
0 521
0 522
0 523
0 524
0 525
0 526
0 527
0 528
0 529
0 530
0 531
0 532
0 533
0 534
0 535
0 536
0 537
0 538
0 539
0 540
0 541
0 542
0 543
0 544
0 545
0 546
0 547
0 548
0 549
0 550
0 551
0 552
0 553
0 554
0 555
0 556
0 557
0 558
0 559
0 560
0 561
0 562
0 563
0 564
0 565
0 566
0 567
0 568
0 569
0 570
0 571
0 572
0 573
0 574
0 575
0 576
0 577
0 578
0 579
0 580
0 581
0 582
0 583
0 584
0 585
0 586
0 587
0 588
0 589
0 590
0 591
0 592
0 593
0 594
0 595
0 596
0 597
0 598
0 599
0 600
0 601
0 602
0 603
0 604
0 605
0 606
0 607
0 608
0 609
0 610
0 611
0 612
0 613
0 614
0 615
0 616
0 617
0 618
0 619
0 620
0 621
0 622
0 623
0 624
0 625
0 626
0 627
0 628
0 629
0 630
0 631
0 632
0 633
0 634
0 635
0 636
0 637
0 638
0 639
0 640
0 641
0 642
0 643
0 644
0 645
0 646
0 647
0 648
0 649
0 650
0 651
0 652
0 653
0 654
0 655
0 656
0 657
0 658
0 659
0 660
0 661
0 662
0 663
0 664
0 665
0 666
0 667
0 668
0 669
0 670
0 671
0 672
0 673
0 674
0 675
0 676
0 677
0 678
0 679
0 680
0 681
0 682
0 683
0 684
0 685
0 686
0 687
0 688
0 689
0 690
0 691
0 692
0 693
0 694
0 695
0 696
0 697
0 698
0 699
0 700
0 701
0 702
0 703
0 704
0 705
0 706
0 707
0 708
0 709
0 710
0 711
0 712
0 713
0 714
0 715
0 716
0 717
0 718
0 719
0 720
0 721
0 722
0 723
0 724
0 725
0 726
0 727
0 728
0 729
0 730
0 731
0 732
0 733
0 734
0 735
0 736
0 737
0 738
0 739
0 740
0 741
0 742
0 743
0 744
0 745
0 746
0 747
0 748
0 749
0 750
0 751
0 752
0 753
0 754
0 755
0 756
0 757
0 758
0 759
0 760
0 761
0 762
0 763
0 764
0 765
0 766
0 767
0 768
0 769
0 770
0 771
0 772
0 773
0 774
0 775
0 776
0 777
0 778
0 779
0 780
0 781
0 782
0 783
0 784
0 785
0 786
0 787
0 788
0 789
0 790
0 791
0 792
0 793
0 794
0 795
0 796
0 797
1 520
1 44
1 569
1 58
1 586
1 588
1 82
1 90
1 93
1 94
1 613
1 328
1 329
1 650
1 655
1 662
1 157
1 670
1 708
1 710
1 718
1 210
1 727
1 222
1 226
1 243
1 265
1 268
1 795
1 798
1 799
1 800
1 801
1 290
1 802
1 803
1 804
1 805
1 806
1 807
1 808
1 809
1 810
1 811
1 812
1 813
1 814
1 815
1 816
1 817
1 818
1 819
1 820
1 821
1 822
1 823
1 824
1 825
1 826
1 827
1 828
1 829
1 830
1 831
1 832
1 833
1 834
1 835
1 836
1 837
1 838
1 839
1 840
1 841
1 842
1 843
1 844
1 845
1 846
1 847
1 848
1 849
1 850
1 851
1 852
1 337
1 853
1 854
1 855
1 856
1 857
1 858
1 859
1 860
1 861
1 352
1 353
1 862
1 863
1 864
1 865
1 866
1 867
1 868
1 869
1 870
1 871
1 872
1 873
1 874
1 875
1 876
1 877
1 878
1 879
1 880
1 881
1 882
1 883
1 884
1 885
1 886
1 887
1 888
1 889
1 890
1 891
1 892
1 893
1 386
1 894
1 895
1 896
1 897
1 898
1 392
1 899
1 900
1 395
1 901
1 902
1 903
1 904
1 905
1 906
1 907
1 908
1 909
1 910
1 911
1 912
1 913
1 914
1 915
1 916
1 917
1 413
1 918
1 919
1 920
1 921
1 922
1 923
1 924
1 469
1 495
1 499
1 303
1 503
2 1024
2 1025
2 1026
2 1027
2 1028
2 1029
2 1030
2 1031
2 1032
2 1033
2 1034
2 1035
2 1036
2 1037
2 1038
2 1039
2 1040
2 1041
2 1042
2 1043
2 1044
2 1045
2 1046
2 1047
2 1048
2 1049
2 1050
2 1051
2 1052
2 1053
2 1054
2 1055
2 1056
2 1057
2 1058
2 1059
2 1060
2 1061
2 1062
2 1063
2 1064
2 1065
2 1066
2 1067
2 1068
2 1069
2 1070
2 1071
2 1072
2 1073
2 1074
2 417
2 1075
2 1076
2 1077
2 55
2 1078
2 1079
2 1080
2 1081
2 1082
2 1083
2 1084
2 1085
2 1086
2 1087
2 1088
2 1089
2 1090
2 1091
2 1092
2 1093
2 1094
2 73
2 1095
2 1096
2 1097
2 1098
2 1099
2 1100
2 1101
2 423
2 1102
2 1103
2 1104
2 1105
2 1106
2 1107
2 1108
2 1109
2 1110
2 1111
2 1112
2 1113
2 1114
2 1115
2 1116
2 1117
2 1118
2 1119
2 1120
2 613
2 1121
2 1122
2 104
2 1123
2 1124
2 1125
2 1126
2 1127
2 1128
2 1129
2 1130
2 1131
2 1132
2 1133
2 1134
2 1135
2 1136
2 1137
2 1138
2 1139
2 1140
2 635
2 1141
2 637
2 1142
2 1143
2 1144
2 1145
2 1146
2 1147
2 1148
2 1149
2 1150
2 1151
2 1152
2 1153
2 1154
2 1155
2 1156
2 1157
2 1158
2 1159
2 1160
2 1161
2 1162
2 1163
2 1164
2 1165
2 1166
2 1167
2 1168
2 1169
2 1170
2 1171
2 727
2 741
2 230
2 742
2 236
2 457
2 800
2 296
2 476
2 486
2 917
2 925
2 926
2 927
2 928
2 929
2 930
2 931
2 932
2 933
2 934
2 935
2 936
2 937
2 938
2 939
2 940
2 941
2 942
2 943
2 944
2 945
2 946
2 947
2 948
2 949
2 950
2 951
2 952
2 953
2 954
2 955
2 956
2 957
2 958
2 959
2 960
2 961
2 962
2 963
2 964
2 965
2 966
2 967
2 968
2 969
2 970
2 971
2 972
2 973
2 974
2 975
2 976
2 977
2 978
2 979
2 980
2 981
2 982
2 983
2 984
2 985
2 986
2 987
2 988
2 989
2 990
2 991
2 992
2 993
2 994
2 995
2 996
2 997
2 998
2 999
2 1000
2 1001
2 1002
2 1003
2 1004
2 1005
2 1006
2 1007
2 1008
2 1009
2 1010
2 1011
2 1012
2 1013
2 1014
2 1015
2 1016
2 1017
2 1018
2 1019
2 1020
2 1021
2 1022
2 1023
3 515
3 6
3 7
3 14
3 560
3 50
3 586
3 588
3 590
3 82
3 93
3 94
3 605
3 111
3 117
3 630
3 142
3 1172
3 1173
3 1174
3 1175
3 1176
3 1177
3 1178
3 1179
3 1180
3 1181
3 1182
3 1183
3 1184
3 1185
3 1186
3 1187
3 1188
3 1189
3 1190
3 1191
3 1192
3 1193
3 1194
3 1195
3 1196
3 1197
3 1198
3 1199
3 1200
3 1201
3 1202
3 1203
3 1204
3 1205
3 182
3 1206
3 1207
3 1208
3 1209
3 1210
3 1211
3 1212
3 1213
3 1214
3 1215
3 1216
3 1217
3 1218
3 1219
3 1220
3 1221
3 1222
3 1223
3 201
3 1224
3 1225
3 1226
3 1227
3 1228
3 207
3 1229
3 1230
3 719
3 1231
3 1232
3 1233
3 1234
3 1235
3 225
3 226
3 243
3 662
3 265
3 268
3 288
3 290
3 303
3 824
3 321
3 328
3 329
3 332
3 679
3 878
3 882
3 890
3 387
3 392
3 458
3 463
3 495
3 499
3 503
3 507
4 513
4 515
4 517
4 7
4 394
4 778
4 784
4 785
4 278
4 665
4 666
4 285
4 162
4 292
4 303
4 432
4 182
4 312
4 58
4 445
4 470
4 322
4 706
4 714
4 463
4 593
4 1236
4 1237
4 1238
4 1239
4 1240
4 1241
4 1242
4 1243
4 1244
4 93
4 1245
4 1246
4 1247
4 1248
4 1249
4 1250
4 100
4 1251
4 486
4 1252
4 740
4 1253
4 1254
4 1255
4 882
4 499
4 633
4 634
4 637
5 515
5 519
5 526
5 15
5 532
5 29
5 556
5 557
5 559
5 560
5 56
5 60
5 62
5 578
5 589
5 591
5 82
5 594
5 595
5 596
5 597
5 600
5 602
5 603
5 92
5 604
5 607
5 610
5 101
5 614
5 623
5 625
5 114
5 631
5 633
5 634
5 123
5 635
5 637
5 641
5 132
5 649
5 652
5 653
5 654
5 658
5 659
5 148
5 660
5 150
5 154
5 743
5 156
5 158
5 164
5 677
5 745
5 746
5 747
5 692
5 748
5 749
5 750
5 191
5 195
5 711
5 200
5 206
5 722
5 735
5 227
5 739
5 231
5 1256
5 1257
5 1258
5 1259
5 1260
5 1261
5 232
5 1262
5 240
5 1263
5 1264
5 1265
5 244
5 1266
5 1267
5 1268
5 1269
5 1270
5 1271
5 251
5 1272
5 1273
5 1274
5 1275
5 1276
5 766
5 770
5 261
5 262
5 773
5 777
5 267
5 275
5 276
5 793
5 282
5 796
5 299
5 302
5 325
5 326
5 327
5 332
5 334
5 338
5 339
5 341
5 351
5 370
5 882
5 380
5 387
5 388
5 393
5 396
5 397
5 402
5 414
5 415
5 417
5 420
5 438
5 476
5 482
5 484
5 486
5 490
5 494
5 496
6 513
6 515
6 516
6 517
6 7
6 8
6 14
6 312
6 74
6 590
6 90
6 93
6 605
6 784
6 106
6 627
6 118
6 778
6 633
6 665
6 666
6 1193
6 849
6 182
6 706
6 710
6 785
6 1239
6 727
6 1245
6 226
6 353
6 1277
6 1278
6 1279
6 1280
6 1281
6 1282
6 1283
6 1284
6 1285
6 1286
6 1287
6 1288
6 1289
6 1290
6 1291
6 1292
6 1293
6 1294
6 1295
6 1296
6 1297
6 1298
6 1299
6 1300
6 1301
6 1302
6 1303
6 1304
6 1305
6 1306
6 1307
6 1308
6 1309
6 1310
6 1311
6 1312
6 1313
6 802
6 1314
6 1315
6 805
6 806
6 1316
6 1317
6 1318
6 1319
6 1320
6 1321
6 1322
6 1323
6 1324
6 1325
6 1326
6 1327
6 1328
6 1329
6 1330
6 1331
6 1332
6 1333
6 1334
6 1335
6 1336
6 1337
6 1338
6 1339
6 1340
6 1341
6 1342
6 1343
6 1344
6 1345
6 1346
6 1347
6 1348
6 1349
6 1350
6 1351
6 1352
6 1353
6 1354
6 1355
6 1356
6 1357
6 1358
6 1359
6 1360
6 1361
6 1362
6 1363
6 1364
6 1365
6 1366
6 1367
6 1368
6 1369
6 1370
6 1371
6 1372
6 1373
6 1374
6 1375
6 1376
6 1377
6 1378
6 1379
6 1380
6 1381
6 1382
6 1383
6 1384
6 1385
6 1386
6 1387
6 1388
6 1389
6 1390
6 1391
6 1392
6 1393
6 1394
6 1395
6 1396
6 1397
6 1398
6 1399
6 1400
6 1401
6 1402
6 1403
6 1404
6 1405
6 1406
6 1407
6 1408
6 1409
6 1410
6 1411
6 1412
6 392
6 1413
6 1414
6 1415
6 1416
6 1417
6 1418
6 1419
6 1420
6 1421
6 1422
6 1423
6 1424
6 1425
6 1426
6 1427
6 1428
6 1429
6 1430
6 1431
6 866
6 1432
6 1433
6 1434
6 1435
6 1436
6 1437
6 1438
6 1439
6 1440
6 1441
6 1442
6 1443
6 1444
6 1445
6 1446
6 1447
6 1448
6 1449
6 1450
6 1451
6 1452
6 1453
6 1454
6 1455
6 1456
6 1457
6 1458
6 1459
6 1460
6 1461
6 1462
6 1463
6 1464
6 1465
6 1466
6 1467
6 1468
6 1469
6 1470
6 1471
6 1472
6 1473
6 1474
6 1475
6 1476
6 1477
6 1478
6 1479
6 1480
6 1481
6 1482
6 1483
6 1484
6 1485
6 1486
6 1487
6 1488
6 1489
6 1490
6 1491
6 1492
6 1493
6 1494
6 1495
6 1496
6 1497
6 1498
6 1499
6 1500
6 1501
6 1502
6 1503
6 1504
6 1505
6 1506
6 1507
6 1508
6 1509
6 499
6 303
7 6
7 8
7 14
7 31
7 82
7 90
7 93
7 106
7 118
7 134
7 162
7 182
7 186
7 226
7 248
7 285
7 303
7 312
7 329
7 353
7 432
7 476
7 486
7 487
7 499
7 503
7 515
7 516
7 517
7 590
7 627
7 633
7 637
7 638
7 665
7 672
7 706
7 710
7 715
7 721
7 727
7 761
7 778
7 783
7 788
7 802
7 805
7 809
7 827
7 880
7 882
7 916
7 1159
7 1173
7 1190
7 1220
7 1237
7 1239
7 1245
7 1252
7 1277
7 1278
7 1280
7 1282
7 1283
7 1284
7 1285
7 1286
7 1287
7 1288
7 1289
7 1290
7 1291
7 1293
7 1294
7 1297
7 1299
7 1301
7 1302
7 1305
7 1307
7 1310
7 1312
7 1314
7 1315
7 1319
7 1321
7 1322
7 1323
7 1325
7 1326
7 1328
7 1329
7 1330
7 1331
7 1332
7 1333
7 1334
7 1335
7 1337
7 1338
7 1339
7 1341
7 1343
7 1346
7 1347
7 1348
7 1351
7 1352
7 1355
7 1356
7 1357
7 1359
7 1360
7 1362
7 1363
7 1364
7 1365
7 1367
7 1369
7 1370
7 1371
7 1373
7 1376
7 1379
7 1380
7 1381
7 1382
7 1385
7 1387
7 1388
7 1392
7 1393
7 1394
7 1395
7 1396
7 1397
7 1398
7 1399
7 1402
7 1404
7 1406
7 1413
7 1414
7 1415
7 1416
7 1417
7 1418
7 1420
7 1421
7 1423
7 1424
7 1426
7 1428
7 1429
7 1430
7 1433
7 1434
7 1436
7 1437
7 1438
7 1439
7 1441
7 1443
7 1447
7 1448
7 1449
7 1450
7 1451
7 1452
7 1453
7 1454
7 1455
7 1456
7 1457
7 1459
7 1460
7 1462
7 1463
7 1464
7 1465
7 1467
7 1471
7 1472
7 1473
7 1477
7 1483
7 1484
7 1487
7 1489
7 1497
7 1498
7 1502
7 1504
7 1505
7 1510
7 1511
7 1512
7 1513
7 1514
7 1515
7 1516
7 1517
7 1518
7 1519
7 1520
7 1521
7 1522
7 1523
7 1524
7 1525
7 1526
7 1527
7 1528
7 1529
7 1530
7 1531
7 1532
7 1533
7 1534
7 1535
7 1536
7 1537
7 1538
7 1539
7 1540
7 1541
7 1542
7 1543
7 1544
7 1545
7 1546
7 1547
7 1548
7 1549
7 1550
7 1551
7 1552
7 1553
7 1554
7 1555
7 1556
7 1557
7 1558
7 1559
7 1560
7 1561
7 1562
7 1563
7 1564
7 1565
7 1566
7 1567
7 1568
7 1569
7 1570
7 1571
7 1572
7 1573
7 1574
7 1575
7 1576
7 1577
7 1578
7 1579
7 1580
7 1581
7 1582
7 1583
7 1584
7 1585
7 1586
7 1587
7 1588
7 1589
7 1590
7 1591
7 1592
7 1593
7 1594
7 1595
7 1596
7 1597
7 1598
7 1599
7 1600
7 1601
7 1602
7 1603
7 1604
7 1605
7 1606
7 1607
7 1608
7 1609
7 1610
7 1611
7 1612
7 1613
7 1614
7 1615
7 1616
7 1617
7 1618
7 1619
7 1620
7 1621
7 1622
7 1623
7 1624
7 1625
7 1626
7 1627
7 1628
7 1629
7 1630
7 1631
7 1632
7 1633
7 1634
7 1635
7 1636
7 1637
7 1638
7 1639
7 1640
7 1641
7 1642
7 1643
7 1644
7 1645
7 1646
7 1647
7 1648
7 1649
7 1650
7 1651
7 1652
7 1653
7 1654
7 1655
7 1656
7 1657
7 1658
7 1659
7 1660
7 1661
7 1662
7 1663
7 1664
7 1665
7 1666
7 1667
7 1668
7 1669
7 1670
7 1671
7 1672
7 1673
7 1674
7 1675
7 1676
7 1677
7 1678
7 1679
7 1680
7 1681
7 1682
7 1683
8 2048
8 2049
8 2050
8 2051
8 2052
8 2053
8 6
8 2054
8 2055
8 2056
8 2057
8 2058
8 2059
8 2060
8 14
8 2061
8 2062
8 2063
8 2064
8 2065
8 2066
8 2067
8 2068
8 2069
8 2070
8 2071
8 2072
8 2073
8 2074
8 2075
8 2076
8 2077
8 2078
8 2079
8 2080
8 2081
8 2082
8 2083
8 2084
8 2085
8 2086
8 2087
8 2088
8 2089
8 44
8 2090
8 2091
8 2092
8 48
8 2093
8 2094
8 2095
8 2096
8 2097
8 2098
8 2099
8 2100
8 2101
8 58
8 2102
8 2103
8 2104
8 2105
8 2106
8 2107
8 2108
8 2109
8 2110
8 2111
8 2112
8 2113
8 2114
8 2115
8 2116
8 2117
8 2118
8 2119
8 2120
8 2121
8 2122
8 2123
8 81
8 82
8 2124
8 2125
8 2126
8 2127
8 2128
8 2129
8 2130
8 90
8 2131
8 2132
8 93
8 94
8 2134
8 2135
8 2136
8 2137
8 2138
8 2139
8 2140
8 2141
8 2142
8 2143
8 2144
8 106
8 2146
8 2147
8 2148
8 2149
8 2150
8 2151
8 2152
8 2153
8 2154
8 2155
8 2156
8 118
8 2158
8 2159
8 2160
8 2161
8 2162
8 2163
8 2164
8 2165
8 2166
8 2167
8 129
8 2169
8 2170
8 2171
8 2172
8 2173
8 2174
8 2175
8 2176
8 2177
8 2178
8 2179
8 2180
8 2181
8 2182
8 2183
8 2184
8 2185
8 2186
8 2187
8 2188
8 2189
8 2190
8 2191
8 2192
8 2193
8 2194
8 2195
8 2196
8 2197
8 2198
8 2199
8 2200
8 2201
8 2202
8 2203
8 2204
8 2205
8 2206
8 2207
8 2208
8 2209
8 2210
8 2211
8 2212
8 2213
8 2214
8 2215
8 2216
8 2217
8 2218
8 2219
8 2220
8 182
8 2222
8 2223
8 2224
8 2225
8 2226
8 2227
8 2228
8 190
8 2230
8 2231
8 2232
8 2233
8 2234
8 2235
8 197
8 2237
8 2238
8 2239
8 2240
8 2241
8 2242
8 2243
8 2244
8 2245
8 2246
8 2247
8 2248
8 2249
8 2250
8 2251
8 2252
8 2253
8 2254
8 2255
8 2256
8 2257
8 2258
8 2259
8 2260
8 2261
8 2262
8 2263
8 225
8 226
8 2266
8 2267
8 2268
8 2269
8 2270
8 2271
8 2272
8 2273
8 2274
8 2275
8 2276
8 2277
8 2278
8 2279
8 2280
8 242
8 243
8 2283
8 2284
8 2285
8 2286
8 2287
8 2288
8 2289
8 2290
8 2291
8 2292
8 2293
8 2294
8 2295
8 257
8 2297
8 2298
8 2299
8 2300
8 2301
8 2302
8 2303
8 2304
8 2305
8 2306
8 268
8 2308
8 2309
8 2310
8 2311
8 2312
8 2313
8 2314
8 2315
8 2316
8 2317
8 2318
8 2319
8 2320
8 2321
8 2322
8 2323
8 2324
8 2325
8 2326
8 2327
8 2328
8 290
8 2330
8 2331
8 2332
8 2333
8 295
8 2335
8 2336
8 2337
8 2338
8 2339
8 301
8 2341
8 303
8 2343
8 2344
8 2345
8 2346
8 2347
8 2348
8 2349
8 2350
8 2351
8 2352
8 2353
8 2354
8 2355
8 2356
8 2357
8 2358
8 2359
8 2360
8 2361
8 2362
8 2363
8 2364
8 2365
8 2366
8 328
8 329
8 2369
8 2370
8 2371
8 2372
8 2373
8 2374
8 2375
8 337
8 2377
8 2378
8 2379
8 2380
8 2381
8 2382
8 2383
8 2384
8 2385
8 2386
8 2387
8 2388
8 2389
8 351
8 2391
8 353
8 2393
8 2394
8 2395
8 2396
8 2397
8 2398
8 378
8 379
8 386
8 387
8 2376
8 392
8 394
8 417
8 425
8 453
8 465
8 466
8 476
8 2133
8 495
8 499
8 503
8 515
8 516
8 517
8 520
8 523
8 2145
8 560
8 561
8 586
8 588
8 590
8 598
8 2157
8 622
8 627
8 630
8 633
8 634
8 635
8 637
8 638
8 641
8 665
8 666
8 2168
8 670
8 697
8 706
8 709
8 710
8 727
8 2390
8 761
8 767
8 774
8 2392
8 791
8 802
8 882
8 891
8 2221
8 2229
8 990
8 991
8 995
8 2236
8 2264
8 2265
8 1159
8 1199
8 1210
8 1217
8 2281
8 1239
8 2282
8 1252
8 1259
8 1283
8 1292
8 1294
8 1301
8 1312
8 2296
8 1326
8 1339
8 2307
8 1376
8 1377
8 1378
8 1383
8 1409
8 1428
8 1441
8 1459
8 1460
8 1468
8 1477
8 2329
8 1497
8 2334
8 1508
8 1518
8 2340
8 1536
8 2342
8 1577
8 1578
8 1623
8 1626
8 1645
8 1662
8 2367
8 1673
8 2368
8 1676
8 1684
8 1685
8 1686
8 1687
8 1688
8 1689
8 1690
8 1691
8 1692
8 1693
8 1694
8 1695
8 1696
8 1697
8 1698
8 1699
8 1700
8 1701
8 1702
8 1703
8 1704
8 1705
8 1706
8 1707
8 1708
8 1709
8 1710
8 1711
8 1712
8 1713
8 1714
8 1715
8 1716
8 1717
8 1718
8 1719
8 1720
8 1721
8 1722
8 1723
8 1724
8 1725
8 1726
8 1727
8 1728
8 1729
8 1730
8 1731
8 1732
8 1733
8 1734
8 1735
8 1736
8 1737
8 1738
8 1739
8 1740
8 1741
8 1742
8 1743
8 1744
8 1745
8 1746
8 1747
8 1748
8 1749
8 1750
8 1751
8 1752
8 1753
8 1754
8 1755
8 1756
8 1757
8 1758
8 1759
8 1760
8 1761
8 1762
8 1763
8 1764
8 1765
8 1766
8 1767
8 1768
8 1769
8 1770
8 1771
8 1772
8 1773
8 1774
8 1775
8 1776
8 1777
8 1778
8 1779
8 1780
8 1781
8 1782
8 1783
8 1784
8 1785
8 1786
8 1787
8 1788
8 1789
8 1790
8 1791
8 1792
8 1793
8 1794
8 1795
8 1796
8 1797
8 1798
8 1799
8 1800
8 1801
8 1802
8 1803
8 1804
8 1805
8 1806
8 1807
8 1808
8 1809
8 1810
8 1811
8 1812
8 1813
8 1814
8 1815
8 1816
8 1817
8 1818
8 1819
8 1820
8 1821
8 1822
8 1823
8 1824
8 1825
8 1826
8 1827
8 1828
8 1829
8 1830
8 1831
8 1832
8 1833
8 1834
8 1835
8 1836
8 1837
8 1838
8 1839
8 1840
8 1841
8 1842
8 1843
8 1844
8 1845
8 1846
8 1847
8 1848
8 1849
8 1850
8 1851
8 1852
8 1853
8 1854
8 1855
8 1856
8 1857
8 1858
8 1859
8 1860
8 1861
8 1862
8 1863
8 1864
8 1865
8 1866
8 1867
8 1868
8 1869
8 1870
8 1871
8 1872
8 1873
8 1874
8 1875
8 1876
8 1877
8 1878
8 1879
8 1880
8 1881
8 1882
8 1883
8 1884
8 1885
8 1886
8 1887
8 1888
8 1889
8 1890
8 1891
8 1892
8 1893
8 1894
8 1895
8 1896
8 1897
8 1898
8 1899
8 1900
8 1901
8 1902
8 1903
8 1904
8 1905
8 1906
8 1907
8 1908
8 1909
8 1910
8 1911
8 1912
8 1913
8 1914
8 1915
8 1916
8 1917
8 1918
8 1919
8 1920
8 1921
8 1922
8 1923
8 1924
8 1925
8 1926
8 1927
8 1928
8 1929
8 1930
8 1931
8 1932
8 1933
8 1934
8 1935
8 1936
8 1937
8 1938
8 1939
8 1940
8 1941
8 1942
8 1943
8 1944
8 1945
8 1946
8 1947
8 1948
8 1949
8 1950
8 1951
8 1952
8 1953
8 1954
8 1955
8 1956
8 1957
8 1958
8 1959
8 1960
8 1961
8 1962
8 1963
8 1964
8 1965
8 1966
8 1967
8 1968
8 1969
8 1970
8 1971
8 1972
8 1973
8 1974
8 1975
8 1976
8 1977
8 1978
8 1979
8 1980
8 1981
8 1982
8 1983
8 1984
8 1985
8 1986
8 1987
8 1988
8 1989
8 1990
8 1991
8 1992
8 1993
8 1994
8 1995
8 1996
8 1997
8 1998
8 1999
8 2000
8 2001
8 2002
8 2003
8 2004
8 2005
8 2006
8 2007
8 2008
8 2009
8 2010
8 2011
8 2012
8 2013
8 2014
8 2015
8 2016
8 2017
8 2018
8 2019
8 2020
8 2021
8 2022
8 2023
8 2024
8 2025
8 2026
8 2027
8 2028
8 2029
8 2030
8 2031
8 2032
8 2033
8 2034
8 2035
8 2036
8 2037
8 2038
8 2039
8 2040
8 2041
8 2042
8 2043
8 2044
8 2045
8 2046
8 2047
9 523
9 15
9 1064
9 1083
9 1114
9 604
9 114
9 635
9 637
9 1155
9 1712
9 206
9 231
9 2383
9 882
9 351
9 2399
9 2400
9 2401
9 2402
9 2403
9 2404
9 2405
9 2406
9 2407
9 2408
9 2409
9 2410
9 2411
9 2412
9 2413
9 2414
9 2415
9 2416
9 2417
9 2418
9 2419
9 2420
9 2421
9 2423
9 2422
9 2424
9 2426
9 2425
9 2427
9 2428
9 2429
9 2430
9 2432
9 2433
9 2434
9 2435
9 2436
9 2437
9 2438
9 2439
9 2440
9 2441
9 2442
9 2443
9 2444
9 2445
9 2446
9 2447
9 2448
9 2449
9 2450
9 2451
9 2452
9 2453
9 2454
9 2455
9 2456
9 2457
9 2458
9 2459
9 2460
9 2461
9 2462
9 2463
9 2464
9 417
9 2465
9 2466
9 2467
9 2468
9 934
9 2469
9 2470
9 2471
9 2472
9 2473
9 2474
9 2475
9 2476
9 2477
9 2478
9 2479
9 2480
9 2481
9 2482
9 2483
9 2484
9 2485
9 2486
9 2487
9 2431
9 1497
9 476
9 991
9 484
9 486
